장원영,사쿠라,조유리,최예나,안유진,나코,권은비,강혜원,히토미,김채원,김민주,이채연,최태양,장지석,김창환
시바르쨩1,2,0,1,1,11,1,0
뭘해볼까2,2,1,2,1,10,3,0
쉬바르3,2,0,3,1,9,5,0
시벌4,2,1,4,1,8,8,0
흨흨5,2,0,5,1,7,3,0
스이카6,2,1,6,1,6,4,0
사이토 아스카7,2,0,7,1,5,1,0
료칸8,2,1,8,1,4,1,0
쥰나쨩9,2,0,9,1,3,1,0
귀여운건 정의10,2,1,10,1,2,1,0
미나미쨩 사진집 축하해11,2,0,11,1,1,1,0
그래도 아스카쨩12,2,1,12,1,1,1,0
배가 고프다13,2,1,1,1,12,1,0
뭘해볼까14,2,1,2,1,11,1,0
사이토15,2,0,3,1,12,8,0
아스카16,2,1,4,1,12,7,0
뭘해볼까17,2,0,5,1,12,6,0
사이토18,2,1,6,1,12,2,0
아스카19,2,0,7,1,12,5,0
뭘해볼까20,2,1,8,1,12,4,0
사이토20,2,0,9,1,12,3,0
뭘해볼까20,2,1,10,1,12,2,0